5.800008773803710938e-03
5.200028419494628906e-03
4.999995231628417969e-03
5.800008773803710938e-03
6.200015544891357422e-03
5.200028419494628906e-03
5.200028419494628906e-03
4.800021648406982422e-03
5.999982357025146484e-03
5.800008773803710938e-03
5.800008773803710938e-03
5.200028419494628906e-03
6.399989128112792969e-03
5.200028419494628906e-03
7.000029087066650391e-03
5.400002002716064453e-03
5.800008773803710938e-03
6.600022315979003906e-03
4.800021648406982422e-03
5.999982357025146484e-03
5.800008773803710938e-03
6.200015544891357422e-03
6.600022315979003906e-03
6.200015544891357422e-03
6.200015544891357422e-03
7.200002670288085938e-03
5.599975585937500000e-03
5.400002002716064453e-03
5.400002002716064453e-03
5.400002002716064453e-03
6.799995899200439453e-03
6.600022315979003906e-03
5.800008773803710938e-03
6.200015544891357422e-03
5.800008773803710938e-03
7.399976253509521484e-03
5.400002002716064453e-03
6.200015544891357422e-03
6.200015544891357422e-03
5.599975585937500000e-03
5.400002002716064453e-03
5.200028419494628906e-03
5.599975585937500000e-03
6.200015544891357422e-03
5.800008773803710938e-03
5.599975585937500000e-03
6.200015544891357422e-03
5.400002002716064453e-03
4.999995231628417969e-03
6.200015544891357422e-03
5.599975585937500000e-03
5.599975585937500000e-03
5.599975585937500000e-03
6.799995899200439453e-03
6.600022315979003906e-03
5.800008773803710938e-03
5.800008773803710938e-03
6.200015544891357422e-03
5.400002002716064453e-03
5.999982357025146484e-03
6.399989128112792969e-03
6.799995899200439453e-03
5.200028419494628906e-03
4.800021648406982422e-03
5.999982357025146484e-03
5.999982357025146484e-03
4.800021648406982422e-03
5.800008773803710938e-03
6.200015544891357422e-03
5.400002002716064453e-03
5.800008773803710938e-03
5.800008773803710938e-03
5.400002002716064453e-03
5.599975585937500000e-03
5.800008773803710938e-03
6.399989128112792969e-03
5.599975585937500000e-03
5.999982357025146484e-03
5.200028419494628906e-03
5.200028419494628906e-03
5.200028419494628906e-03
5.999982357025146484e-03
4.999995231628417969e-03
6.200015544891357422e-03
4.999995231628417969e-03
5.400002002716064453e-03
5.999982357025146484e-03
4.599988460540771484e-03
5.800008773803710938e-03
5.599975585937500000e-03
5.599975585937500000e-03
5.400002002716064453e-03
6.399989128112792969e-03
6.399989128112792969e-03
5.599975585937500000e-03
6.600022315979003906e-03
5.200028419494628906e-03
6.200015544891357422e-03
5.800008773803710938e-03
5.999982357025146484e-03
5.200028419494628906e-03
5.400002002716064453e-03
5.999982357025146484e-03
6.200015544891357422e-03
6.200015544891357422e-03
5.999982357025146484e-03
6.200015544891357422e-03
5.800008773803710938e-03
7.000029087066650391e-03
5.999982357025146484e-03
7.600009441375732422e-03
5.800008773803710938e-03
6.799995899200439453e-03
6.399989128112792969e-03
6.399989128112792969e-03
7.200002670288085938e-03
8.800029754638671875e-03
8.400022983551025391e-03
6.200015544891357422e-03
7.000029087066650391e-03
6.799995899200439453e-03
7.000029087066650391e-03
8.400022983551025391e-03
8.400022983551025391e-03
8.199989795684814453e-03
7.000029087066650391e-03
7.200002670288085938e-03
6.799995899200439453e-03
6.200015544891357422e-03
7.799983024597167969e-03
7.600009441375732422e-03
6.399989128112792969e-03
9.400010108947753906e-03
9.999990463256835938e-03
8.000016212463378906e-03
9.400010108947753906e-03
9.400010108947753906e-03
8.000016212463378906e-03
8.800029754638671875e-03
1.039999723434448242e-02
8.599996566772460938e-03
1.039999723434448242e-02
8.800029754638671875e-03
9.199976921081542969e-03
9.000003337860107422e-03
9.000003337860107422e-03
8.199989795684814453e-03
8.599996566772460938e-03
8.800029754638671875e-03
8.400022983551025391e-03
9.000003337860107422e-03
8.599996566772460938e-03
1.020002365112304688e-02
7.799983024597167969e-03
7.000029087066650391e-03
7.000029087066650391e-03
7.000029087066650391e-03
7.000029087066650391e-03
9.000003337860107422e-03
8.000016212463378906e-03
7.799983024597167969e-03
8.800029754638671875e-03
8.000016212463378906e-03
8.199989795684814453e-03
7.000029087066650391e-03
7.000029087066650391e-03
7.399976253509521484e-03
8.400022983551025391e-03
6.799995899200439453e-03
6.399989128112792969e-03
7.000029087066650391e-03
5.999982357025146484e-03
7.399976253509521484e-03
6.200015544891357422e-03
7.200002670288085938e-03
6.799995899200439453e-03
8.199989795684814453e-03
5.599975585937500000e-03
5.999982357025146484e-03
6.600022315979003906e-03
8.199989795684814453e-03
7.399976253509521484e-03
6.399989128112792969e-03
6.600022315979003906e-03
6.399989128112792969e-03
5.999982357025146484e-03
4.999995231628417969e-03
5.400002002716064453e-03
5.999982357025146484e-03
4.800021648406982422e-03
5.400002002716064453e-03
